//TIP To <b>Run</b> code, press <shortcut actionId="Run"/> or
// click the <icon src="AllIcons.Actions.Execute"/> icon in the gutter.
import java.util.*;
public class Main {
    public static void main(String[] args) {
        //TIP Press <shortcut actionId="ShowIntentionActions"/> with your caret at the highlighted text
        // to see how IntelliJ IDEA suggests fixing it.
        System.out.printf("Hello and welcome!");

        int[][] tspDistances = {
                // City 0, City 1, City 2, City 3
                { 0, 10, 15, 20 }, // Costs from City 0
                { 10, 0, 35, 25 }, // Costs from City 1
                { 15, 35, 0, 30 }, // Costs from City 2
                { 20, 25, 30, 0 }  // Costs from City 3
        }; //minCost will be 80
        int[][] matrix4x4 = {
                {0, 81, 49, 41},
                {81, 0, 83, 58},
                {49, 83, 0, 42},
                {41, 58, 42, 0}
        }; //total-distance 164
        //***my code returns 230. that looks right...
        //0->1-3->->2->0

        int[][] matrix5x5 = {
                {0, 63, 45, 71, 47},
                {63, 0, 57, 60, 25},
                {45, 57, 0, 81, 65},
                {71, 60, 81, 0, 47},
                {47, 25, 65, 47, 0}
        };// total distance 188 (my code gets 245...) 245 seems right!!
        //0->2->1->4->3->0 Yes.
        //autogenerated test cases were initially wrong, not trusting them.

        // 6x6 +more dimensional cases
        // ideal for testing the efficiency of
        // algorithms like Held-Karp or Branch and Bound.
        int[][] matrix6x6_A = {
                {0, 74, 52, 80, 57, 90},
                {74, 0, 39, 29, 48, 93},
                {52, 39, 0, 81, 53, 46},
                {80, 29, 81, 0, 41, 64},
                {57, 48, 53, 41, 0, 69},
                {90, 93, 46, 64, 69, 0}
        }; // total distance...52 (0 to 2) + 46 (2 to 5) +
        // 64 (5 to 3) +
        // + 29 (3 to 1) + 48 (1 to 4) + 57 (4 to 0)
        //= 296
        int[][] matrix6x6_B = {
                {0, 56, 55, 59, 39, 70},
                {56, 0, 62, 53, 29, 72},
                {55, 62, 0, 48, 83, 33},
                {59, 53, 48, 0, 58, 30},
                {39, 29, 83, 58, 0, 57},
                {70, 72, 33, 30, 57, 0}
        }; //total distance 239
        //path 0 → 2 → 5 → 3 → 1 → 4 → 0
        // 55 (0 to 2) + 33 (2 to 5) + 30 (5 to 3) + 53 (3 to 1) +
        // +29 (1 to 4) + 39 (4 to 0) = 239

        int minimumTravelCost = TSP.tsp(matrix4x4);
        System.out.println("min travel cost for tsp problem is : " + minimumTravelCost);
    }
}